Webots Project File version R2023b
perspectives: 000000ff00000000fd00000002000000010000029e000002f0fc0200000001fb0000001400540065007800740045006400690074006f0072010000001e000002f00000009400ffffff0000000300000780000000defc0100000001fb0000001a0043006f006e0073006f006c00650041006c006c0041006c006c0100000000000007800000006900ffffff000004e0000002f000000001000000020000000100000008fc00000000
simulationViewPerspectives: 000000ff00000001000000020000013e000005240100000002010000000100
sceneTreePerspectives: 000000ff000000010000000300000026000002ae000000fa0100000002010000000200
maximizedDockId: -1
centralWidgetVisible: 1
orthographicViewHeight: 1
textFiles: 1 "controllers/tiago_lite/tiago_lite.c" "controllers/trajectory_controller/trajectory_controller.py"
consoles: Console:All:All
renderingDevicePerspectives: TIAGo LITE:Astra depth;1;0.895833;0;0
renderingDevicePerspectives: TIAGo LITE:Astra rgb;1;0.895833;0;0
